Distance matrix 
 
0.0 | 24070.0 | 85379.0 | 57240.0 | 62215.0 | 54303.0 | 63824.0 | 42673.0 | 55397.0 | 52195.0 | 51972.0 | 42783.0 | 0.0 | 24070.0 | 85379.0 | 57240.0 | 62215.0 | 54303.0 | 63824.0 | 42673.0 | 55397.0 | 52195.0 | 51972.0 | 42783.0 | 0.0 | 24070.0 | 85379.0 | 57240.0 | 62215.0 | 54303.0 | 63824.0 | 42673.0 | 55397.0 | 52195.0 | 51972.0 | 42783.0 | 0.0 | 24070.0 | 85379.0 | 57240.0 | 62215.0 | 54303.0 | 63824.0 | 42673.0 | 55397.0 | 52195.0 | 51972.0 | 42783.0 
24070.0 | 0.0 | 90359.0 | 55312.0 | 59573.0 | 51879.0 | 67966.0 | 40579.0 | 54155.0 | 48497.0 | 49854.0 | 40031.0 | 24070.0 | 0.0 | 90359.0 | 55312.0 | 59573.0 | 51879.0 | 67966.0 | 40579.0 | 54155.0 | 48497.0 | 49854.0 | 40031.0 | 24070.0 | 0.0 | 90359.0 | 55312.0 | 59573.0 | 51879.0 | 67966.0 | 40579.0 | 54155.0 | 48497.0 | 49854.0 | 40031.0 | 24070.0 | 0.0 | 90359.0 | 55312.0 | 59573.0 | 51879.0 | 67966.0 | 40579.0 | 54155.0 | 48497.0 | 49854.0 | 40031.0 
85379.0 | 90359.0 | 0.0 | 69301.0 | 67116.0 | 70212.0 | 57807.0 | 73442.0 | 72582.0 | 61858.0 | 63451.0 | 68906.0 | 85379.0 | 90359.0 | 0.0 | 69301.0 | 67116.0 | 70212.0 | 57807.0 | 73442.0 | 72582.0 | 61858.0 | 63451.0 | 68906.0 | 85379.0 | 90359.0 | 0.0 | 69301.0 | 67116.0 | 70212.0 | 57807.0 | 73442.0 | 72582.0 | 61858.0 | 63451.0 | 68906.0 | 85379.0 | 90359.0 | 0.0 | 69301.0 | 67116.0 | 70212.0 | 57807.0 | 73442.0 | 72582.0 | 61858.0 | 63451.0 | 68906.0 
57240.0 | 55312.0 | 69301.0 | 0.0 | 31561.0 | 38733.0 | 48628.0 | 61173.0 | 35775.0 | 30183.0 | 30152.0 | 66613.0 | 57240.0 | 55312.0 | 69301.0 | 0.0 | 31561.0 | 38733.0 | 48628.0 | 61173.0 | 35775.0 | 30183.0 | 30152.0 | 66613.0 | 57240.0 | 55312.0 | 69301.0 | 0.0 | 31561.0 | 38733.0 | 48628.0 | 61173.0 | 35775.0 | 30183.0 | 30152.0 | 66613.0 | 57240.0 | 55312.0 | 69301.0 | 0.0 | 31561.0 | 38733.0 | 48628.0 | 61173.0 | 35775.0 | 30183.0 | 30152.0 | 66613.0 
62215.0 | 59573.0 | 67116.0 | 31561.0 | 0.0 | 32450.0 | 49819.0 | 64504.0 | 43410.0 | 33694.0 | 35985.0 | 63474.0 | 62215.0 | 59573.0 | 67116.0 | 31561.0 | 0.0 | 32450.0 | 49819.0 | 64504.0 | 43410.0 | 33694.0 | 35985.0 | 63474.0 | 62215.0 | 59573.0 | 67116.0 | 31561.0 | 0.0 | 32450.0 | 49819.0 | 64504.0 | 43410.0 | 33694.0 | 35985.0 | 63474.0 | 62215.0 | 59573.0 | 67116.0 | 31561.0 | 0.0 | 32450.0 | 49819.0 | 64504.0 | 43410.0 | 33694.0 | 35985.0 | 63474.0 
54303.0 | 51879.0 | 70212.0 | 38733.0 | 32450.0 | 0.0 | 39145.0 | 54708.0 | 31740.0 | 37136.0 | 39713.0 | 48320.0 | 54303.0 | 51879.0 | 70212.0 | 38733.0 | 32450.0 | 0.0 | 39145.0 | 54708.0 | 31740.0 | 37136.0 | 39713.0 | 48320.0 | 54303.0 | 51879.0 | 70212.0 | 38733.0 | 32450.0 | 0.0 | 39145.0 | 54708.0 | 31740.0 | 37136.0 | 39713.0 | 48320.0 | 54303.0 | 51879.0 | 70212.0 | 38733.0 | 32450.0 | 0.0 | 39145.0 | 54708.0 | 31740.0 | 37136.0 | 39713.0 | 48320.0 
63824.0 | 67966.0 | 57807.0 | 48628.0 | 49819.0 | 39145.0 | 0.0 | 38853.0 | 47165.0 | 50675.0 | 52680.0 | 45363.0 | 63824.0 | 67966.0 | 57807.0 | 48628.0 | 49819.0 | 39145.0 | 0.0 | 38853.0 | 47165.0 | 50675.0 | 52680.0 | 45363.0 | 63824.0 | 67966.0 | 57807.0 | 48628.0 | 49819.0 | 39145.0 | 0.0 | 38853.0 | 47165.0 | 50675.0 | 52680.0 | 45363.0 | 63824.0 | 67966.0 | 57807.0 | 48628.0 | 49819.0 | 39145.0 | 0.0 | 38853.0 | 47165.0 | 50675.0 | 52680.0 | 45363.0 
42673.0 | 40579.0 | 73442.0 | 61173.0 | 64504.0 | 54708.0 | 38853.0 | 0.0 | 63056.0 | 61342.0 | 61027.0 | 23642.0 | 42673.0 | 40579.0 | 73442.0 | 61173.0 | 64504.0 | 54708.0 | 38853.0 | 0.0 | 63056.0 | 61342.0 | 61027.0 | 23642.0 | 42673.0 | 40579.0 | 73442.0 | 61173.0 | 64504.0 | 54708.0 | 38853.0 | 0.0 | 63056.0 | 61342.0 | 61027.0 | 23642.0 | 42673.0 | 40579.0 | 73442.0 | 61173.0 | 64504.0 | 54708.0 | 38853.0 | 0.0 | 63056.0 | 61342.0 | 61027.0 | 23642.0 
55397.0 | 54155.0 | 72582.0 | 35775.0 | 43410.0 | 31740.0 | 47165.0 | 63056.0 | 0.0 | 34672.0 | 34489.0 | 62574.0 | 55397.0 | 54155.0 | 72582.0 | 35775.0 | 43410.0 | 31740.0 | 47165.0 | 63056.0 | 0.0 | 34672.0 | 34489.0 | 62574.0 | 55397.0 | 54155.0 | 72582.0 | 35775.0 | 43410.0 | 31740.0 | 47165.0 | 63056.0 | 0.0 | 34672.0 | 34489.0 | 62574.0 | 55397.0 | 54155.0 | 72582.0 | 35775.0 | 43410.0 | 31740.0 | 47165.0 | 63056.0 | 0.0 | 34672.0 | 34489.0 | 62574.0 
52195.0 | 48497.0 | 61858.0 | 30183.0 | 33694.0 | 37136.0 | 50675.0 | 61342.0 | 34672.0 | 0.0 | 18453.0 | 59516.0 | 52195.0 | 48497.0 | 61858.0 | 30183.0 | 33694.0 | 37136.0 | 50675.0 | 61342.0 | 34672.0 | 0.0 | 18453.0 | 59516.0 | 52195.0 | 48497.0 | 61858.0 | 30183.0 | 33694.0 | 37136.0 | 50675.0 | 61342.0 | 34672.0 | 0.0 | 18453.0 | 59516.0 | 52195.0 | 48497.0 | 61858.0 | 30183.0 | 33694.0 | 37136.0 | 50675.0 | 61342.0 | 34672.0 | 0.0 | 18453.0 | 59516.0 
51972.0 | 49854.0 | 63451.0 | 30152.0 | 35985.0 | 39713.0 | 52680.0 | 61027.0 | 34489.0 | 18453.0 | 0.0 | 60527.0 | 51972.0 | 49854.0 | 63451.0 | 30152.0 | 35985.0 | 39713.0 | 52680.0 | 61027.0 | 34489.0 | 18453.0 | 0.0 | 60527.0 | 51972.0 | 49854.0 | 63451.0 | 30152.0 | 35985.0 | 39713.0 | 52680.0 | 61027.0 | 34489.0 | 18453.0 | 0.0 | 60527.0 | 51972.0 | 49854.0 | 63451.0 | 30152.0 | 35985.0 | 39713.0 | 52680.0 | 61027.0 | 34489.0 | 18453.0 | 0.0 | 60527.0 
42783.0 | 40031.0 | 68906.0 | 66613.0 | 63474.0 | 48320.0 | 45363.0 | 23642.0 | 62574.0 | 59516.0 | 60527.0 | 0.0 | 42783.0 | 40031.0 | 68906.0 | 66613.0 | 63474.0 | 48320.0 | 45363.0 | 23642.0 | 62574.0 | 59516.0 | 60527.0 | 0.0 | 42783.0 | 40031.0 | 68906.0 | 66613.0 | 63474.0 | 48320.0 | 45363.0 | 23642.0 | 62574.0 | 59516.0 | 60527.0 | 0.0 | 42783.0 | 40031.0 | 68906.0 | 66613.0 | 63474.0 | 48320.0 | 45363.0 | 23642.0 | 62574.0 | 59516.0 | 60527.0 | 0.0 
0.0 | 24070.0 | 85379.0 | 57240.0 | 62215.0 | 54303.0 | 63824.0 | 42673.0 | 55397.0 | 52195.0 | 51972.0 | 42783.0 | 0.0 | 24070.0 | 85379.0 | 57240.0 | 62215.0 | 54303.0 | 63824.0 | 42673.0 | 55397.0 | 52195.0 | 51972.0 | 42783.0 | 0.0 | 24070.0 | 85379.0 | 57240.0 | 62215.0 | 54303.0 | 63824.0 | 42673.0 | 55397.0 | 52195.0 | 51972.0 | 42783.0 | 0.0 | 24070.0 | 85379.0 | 57240.0 | 62215.0 | 54303.0 | 63824.0 | 42673.0 | 55397.0 | 52195.0 | 51972.0 | 42783.0 
24070.0 | 0.0 | 90359.0 | 55312.0 | 59573.0 | 51879.0 | 67966.0 | 40579.0 | 54155.0 | 48497.0 | 49854.0 | 40031.0 | 24070.0 | 0.0 | 90359.0 | 55312.0 | 59573.0 | 51879.0 | 67966.0 | 40579.0 | 54155.0 | 48497.0 | 49854.0 | 40031.0 | 24070.0 | 0.0 | 90359.0 | 55312.0 | 59573.0 | 51879.0 | 67966.0 | 40579.0 | 54155.0 | 48497.0 | 49854.0 | 40031.0 | 24070.0 | 0.0 | 90359.0 | 55312.0 | 59573.0 | 51879.0 | 67966.0 | 40579.0 | 54155.0 | 48497.0 | 49854.0 | 40031.0 
85379.0 | 90359.0 | 0.0 | 69301.0 | 67116.0 | 70212.0 | 57807.0 | 73442.0 | 72582.0 | 61858.0 | 63451.0 | 68906.0 | 85379.0 | 90359.0 | 0.0 | 69301.0 | 67116.0 | 70212.0 | 57807.0 | 73442.0 | 72582.0 | 61858.0 | 63451.0 | 68906.0 | 85379.0 | 90359.0 | 0.0 | 69301.0 | 67116.0 | 70212.0 | 57807.0 | 73442.0 | 72582.0 | 61858.0 | 63451.0 | 68906.0 | 85379.0 | 90359.0 | 0.0 | 69301.0 | 67116.0 | 70212.0 | 57807.0 | 73442.0 | 72582.0 | 61858.0 | 63451.0 | 68906.0 
57240.0 | 55312.0 | 69301.0 | 0.0 | 31561.0 | 38733.0 | 48628.0 | 61173.0 | 35775.0 | 30183.0 | 30152.0 | 66613.0 | 57240.0 | 55312.0 | 69301.0 | 0.0 | 31561.0 | 38733.0 | 48628.0 | 61173.0 | 35775.0 | 30183.0 | 30152.0 | 66613.0 | 57240.0 | 55312.0 | 69301.0 | 0.0 | 31561.0 | 38733.0 | 48628.0 | 61173.0 | 35775.0 | 30183.0 | 30152.0 | 66613.0 | 57240.0 | 55312.0 | 69301.0 | 0.0 | 31561.0 | 38733.0 | 48628.0 | 61173.0 | 35775.0 | 30183.0 | 30152.0 | 66613.0 
62215.0 | 59573.0 | 67116.0 | 31561.0 | 0.0 | 32450.0 | 49819.0 | 64504.0 | 43410.0 | 33694.0 | 35985.0 | 63474.0 | 62215.0 | 59573.0 | 67116.0 | 31561.0 | 0.0 | 32450.0 | 49819.0 | 64504.0 | 43410.0 | 33694.0 | 35985.0 | 63474.0 | 62215.0 | 59573.0 | 67116.0 | 31561.0 | 0.0 | 32450.0 | 49819.0 | 64504.0 | 43410.0 | 33694.0 | 35985.0 | 63474.0 | 62215.0 | 59573.0 | 67116.0 | 31561.0 | 0.0 | 32450.0 | 49819.0 | 64504.0 | 43410.0 | 33694.0 | 35985.0 | 63474.0 
54303.0 | 51879.0 | 70212.0 | 38733.0 | 32450.0 | 0.0 | 39145.0 | 54708.0 | 31740.0 | 37136.0 | 39713.0 | 48320.0 | 54303.0 | 51879.0 | 70212.0 | 38733.0 | 32450.0 | 0.0 | 39145.0 | 54708.0 | 31740.0 | 37136.0 | 39713.0 | 48320.0 | 54303.0 | 51879.0 | 70212.0 | 38733.0 | 32450.0 | 0.0 | 39145.0 | 54708.0 | 31740.0 | 37136.0 | 39713.0 | 48320.0 | 54303.0 | 51879.0 | 70212.0 | 38733.0 | 32450.0 | 0.0 | 39145.0 | 54708.0 | 31740.0 | 37136.0 | 39713.0 | 48320.0 
63824.0 | 67966.0 | 57807.0 | 48628.0 | 49819.0 | 39145.0 | 0.0 | 38853.0 | 47165.0 | 50675.0 | 52680.0 | 45363.0 | 63824.0 | 67966.0 | 57807.0 | 48628.0 | 49819.0 | 39145.0 | 0.0 | 38853.0 | 47165.0 | 50675.0 | 52680.0 | 45363.0 | 63824.0 | 67966.0 | 57807.0 | 48628.0 | 49819.0 | 39145.0 | 0.0 | 38853.0 | 47165.0 | 50675.0 | 52680.0 | 45363.0 | 63824.0 | 67966.0 | 57807.0 | 48628.0 | 49819.0 | 39145.0 | 0.0 | 38853.0 | 47165.0 | 50675.0 | 52680.0 | 45363.0 
42673.0 | 40579.0 | 73442.0 | 61173.0 | 64504.0 | 54708.0 | 38853.0 | 0.0 | 63056.0 | 61342.0 | 61027.0 | 23642.0 | 42673.0 | 40579.0 | 73442.0 | 61173.0 | 64504.0 | 54708.0 | 38853.0 | 0.0 | 63056.0 | 61342.0 | 61027.0 | 23642.0 | 42673.0 | 40579.0 | 73442.0 | 61173.0 | 64504.0 | 54708.0 | 38853.0 | 0.0 | 63056.0 | 61342.0 | 61027.0 | 23642.0 | 42673.0 | 40579.0 | 73442.0 | 61173.0 | 64504.0 | 54708.0 | 38853.0 | 0.0 | 63056.0 | 61342.0 | 61027.0 | 23642.0 
55397.0 | 54155.0 | 72582.0 | 35775.0 | 43410.0 | 31740.0 | 47165.0 | 63056.0 | 0.0 | 34672.0 | 34489.0 | 62574.0 | 55397.0 | 54155.0 | 72582.0 | 35775.0 | 43410.0 | 31740.0 | 47165.0 | 63056.0 | 0.0 | 34672.0 | 34489.0 | 62574.0 | 55397.0 | 54155.0 | 72582.0 | 35775.0 | 43410.0 | 31740.0 | 47165.0 | 63056.0 | 0.0 | 34672.0 | 34489.0 | 62574.0 | 55397.0 | 54155.0 | 72582.0 | 35775.0 | 43410.0 | 31740.0 | 47165.0 | 63056.0 | 0.0 | 34672.0 | 34489.0 | 62574.0 
52195.0 | 48497.0 | 61858.0 | 30183.0 | 33694.0 | 37136.0 | 50675.0 | 61342.0 | 34672.0 | 0.0 | 18453.0 | 59516.0 | 52195.0 | 48497.0 | 61858.0 | 30183.0 | 33694.0 | 37136.0 | 50675.0 | 61342.0 | 34672.0 | 0.0 | 18453.0 | 59516.0 | 52195.0 | 48497.0 | 61858.0 | 30183.0 | 33694.0 | 37136.0 | 50675.0 | 61342.0 | 34672.0 | 0.0 | 18453.0 | 59516.0 | 52195.0 | 48497.0 | 61858.0 | 30183.0 | 33694.0 | 37136.0 | 50675.0 | 61342.0 | 34672.0 | 0.0 | 18453.0 | 59516.0 
51972.0 | 49854.0 | 63451.0 | 30152.0 | 35985.0 | 39713.0 | 52680.0 | 61027.0 | 34489.0 | 18453.0 | 0.0 | 60527.0 | 51972.0 | 49854.0 | 63451.0 | 30152.0 | 35985.0 | 39713.0 | 52680.0 | 61027.0 | 34489.0 | 18453.0 | 0.0 | 60527.0 | 51972.0 | 49854.0 | 63451.0 | 30152.0 | 35985.0 | 39713.0 | 52680.0 | 61027.0 | 34489.0 | 18453.0 | 0.0 | 60527.0 | 51972.0 | 49854.0 | 63451.0 | 30152.0 | 35985.0 | 39713.0 | 52680.0 | 61027.0 | 34489.0 | 18453.0 | 0.0 | 60527.0 
42783.0 | 40031.0 | 68906.0 | 66613.0 | 63474.0 | 48320.0 | 45363.0 | 23642.0 | 62574.0 | 59516.0 | 60527.0 | 0.0 | 42783.0 | 40031.0 | 68906.0 | 66613.0 | 63474.0 | 48320.0 | 45363.0 | 23642.0 | 62574.0 | 59516.0 | 60527.0 | 0.0 | 42783.0 | 40031.0 | 68906.0 | 66613.0 | 63474.0 | 48320.0 | 45363.0 | 23642.0 | 62574.0 | 59516.0 | 60527.0 | 0.0 | 42783.0 | 40031.0 | 68906.0 | 66613.0 | 63474.0 | 48320.0 | 45363.0 | 23642.0 | 62574.0 | 59516.0 | 60527.0 | 0.0 
0.0 | 24070.0 | 85379.0 | 57240.0 | 62215.0 | 54303.0 | 63824.0 | 42673.0 | 55397.0 | 52195.0 | 51972.0 | 42783.0 | 0.0 | 24070.0 | 85379.0 | 57240.0 | 62215.0 | 54303.0 | 63824.0 | 42673.0 | 55397.0 | 52195.0 | 51972.0 | 42783.0 | 0.0 | 24070.0 | 85379.0 | 57240.0 | 62215.0 | 54303.0 | 63824.0 | 42673.0 | 55397.0 | 52195.0 | 51972.0 | 42783.0 | 0.0 | 24070.0 | 85379.0 | 57240.0 | 62215.0 | 54303.0 | 63824.0 | 42673.0 | 55397.0 | 52195.0 | 51972.0 | 42783.0 
24070.0 | 0.0 | 90359.0 | 55312.0 | 59573.0 | 51879.0 | 67966.0 | 40579.0 | 54155.0 | 48497.0 | 49854.0 | 40031.0 | 24070.0 | 0.0 | 90359.0 | 55312.0 | 59573.0 | 51879.0 | 67966.0 | 40579.0 | 54155.0 | 48497.0 | 49854.0 | 40031.0 | 24070.0 | 0.0 | 90359.0 | 55312.0 | 59573.0 | 51879.0 | 67966.0 | 40579.0 | 54155.0 | 48497.0 | 49854.0 | 40031.0 | 24070.0 | 0.0 | 90359.0 | 55312.0 | 59573.0 | 51879.0 | 67966.0 | 40579.0 | 54155.0 | 48497.0 | 49854.0 | 40031.0 
85379.0 | 90359.0 | 0.0 | 69301.0 | 67116.0 | 70212.0 | 57807.0 | 73442.0 | 72582.0 | 61858.0 | 63451.0 | 68906.0 | 85379.0 | 90359.0 | 0.0 | 69301.0 | 67116.0 | 70212.0 | 57807.0 | 73442.0 | 72582.0 | 61858.0 | 63451.0 | 68906.0 | 85379.0 | 90359.0 | 0.0 | 69301.0 | 67116.0 | 70212.0 | 57807.0 | 73442.0 | 72582.0 | 61858.0 | 63451.0 | 68906.0 | 85379.0 | 90359.0 | 0.0 | 69301.0 | 67116.0 | 70212.0 | 57807.0 | 73442.0 | 72582.0 | 61858.0 | 63451.0 | 68906.0 
57240.0 | 55312.0 | 69301.0 | 0.0 | 31561.0 | 38733.0 | 48628.0 | 61173.0 | 35775.0 | 30183.0 | 30152.0 | 66613.0 | 57240.0 | 55312.0 | 69301.0 | 0.0 | 31561.0 | 38733.0 | 48628.0 | 61173.0 | 35775.0 | 30183.0 | 30152.0 | 66613.0 | 57240.0 | 55312.0 | 69301.0 | 0.0 | 31561.0 | 38733.0 | 48628.0 | 61173.0 | 35775.0 | 30183.0 | 30152.0 | 66613.0 | 57240.0 | 55312.0 | 69301.0 | 0.0 | 31561.0 | 38733.0 | 48628.0 | 61173.0 | 35775.0 | 30183.0 | 30152.0 | 66613.0 
62215.0 | 59573.0 | 67116.0 | 31561.0 | 0.0 | 32450.0 | 49819.0 | 64504.0 | 43410.0 | 33694.0 | 35985.0 | 63474.0 | 62215.0 | 59573.0 | 67116.0 | 31561.0 | 0.0 | 32450.0 | 49819.0 | 64504.0 | 43410.0 | 33694.0 | 35985.0 | 63474.0 | 62215.0 | 59573.0 | 67116.0 | 31561.0 | 0.0 | 32450.0 | 49819.0 | 64504.0 | 43410.0 | 33694.0 | 35985.0 | 63474.0 | 62215.0 | 59573.0 | 67116.0 | 31561.0 | 0.0 | 32450.0 | 49819.0 | 64504.0 | 43410.0 | 33694.0 | 35985.0 | 63474.0 
54303.0 | 51879.0 | 70212.0 | 38733.0 | 32450.0 | 0.0 | 39145.0 | 54708.0 | 31740.0 | 37136.0 | 39713.0 | 48320.0 | 54303.0 | 51879.0 | 70212.0 | 38733.0 | 32450.0 | 0.0 | 39145.0 | 54708.0 | 31740.0 | 37136.0 | 39713.0 | 48320.0 | 54303.0 | 51879.0 | 70212.0 | 38733.0 | 32450.0 | 0.0 | 39145.0 | 54708.0 | 31740.0 | 37136.0 | 39713.0 | 48320.0 | 54303.0 | 51879.0 | 70212.0 | 38733.0 | 32450.0 | 0.0 | 39145.0 | 54708.0 | 31740.0 | 37136.0 | 39713.0 | 48320.0 
63824.0 | 67966.0 | 57807.0 | 48628.0 | 49819.0 | 39145.0 | 0.0 | 38853.0 | 47165.0 | 50675.0 | 52680.0 | 45363.0 | 63824.0 | 67966.0 | 57807.0 | 48628.0 | 49819.0 | 39145.0 | 0.0 | 38853.0 | 47165.0 | 50675.0 | 52680.0 | 45363.0 | 63824.0 | 67966.0 | 57807.0 | 48628.0 | 49819.0 | 39145.0 | 0.0 | 38853.0 | 47165.0 | 50675.0 | 52680.0 | 45363.0 | 63824.0 | 67966.0 | 57807.0 | 48628.0 | 49819.0 | 39145.0 | 0.0 | 38853.0 | 47165.0 | 50675.0 | 52680.0 | 45363.0 
42673.0 | 40579.0 | 73442.0 | 61173.0 | 64504.0 | 54708.0 | 38853.0 | 0.0 | 63056.0 | 61342.0 | 61027.0 | 23642.0 | 42673.0 | 40579.0 | 73442.0 | 61173.0 | 64504.0 | 54708.0 | 38853.0 | 0.0 | 63056.0 | 61342.0 | 61027.0 | 23642.0 | 42673.0 | 40579.0 | 73442.0 | 61173.0 | 64504.0 | 54708.0 | 38853.0 | 0.0 | 63056.0 | 61342.0 | 61027.0 | 23642.0 | 42673.0 | 40579.0 | 73442.0 | 61173.0 | 64504.0 | 54708.0 | 38853.0 | 0.0 | 63056.0 | 61342.0 | 61027.0 | 23642.0 
55397.0 | 54155.0 | 72582.0 | 35775.0 | 43410.0 | 31740.0 | 47165.0 | 63056.0 | 0.0 | 34672.0 | 34489.0 | 62574.0 | 55397.0 | 54155.0 | 72582.0 | 35775.0 | 43410.0 | 31740.0 | 47165.0 | 63056.0 | 0.0 | 34672.0 | 34489.0 | 62574.0 | 55397.0 | 54155.0 | 72582.0 | 35775.0 | 43410.0 | 31740.0 | 47165.0 | 63056.0 | 0.0 | 34672.0 | 34489.0 | 62574.0 | 55397.0 | 54155.0 | 72582.0 | 35775.0 | 43410.0 | 31740.0 | 47165.0 | 63056.0 | 0.0 | 34672.0 | 34489.0 | 62574.0 
52195.0 | 48497.0 | 61858.0 | 30183.0 | 33694.0 | 37136.0 | 50675.0 | 61342.0 | 34672.0 | 0.0 | 18453.0 | 59516.0 | 52195.0 | 48497.0 | 61858.0 | 30183.0 | 33694.0 | 37136.0 | 50675.0 | 61342.0 | 34672.0 | 0.0 | 18453.0 | 59516.0 | 52195.0 | 48497.0 | 61858.0 | 30183.0 | 33694.0 | 37136.0 | 50675.0 | 61342.0 | 34672.0 | 0.0 | 18453.0 | 59516.0 | 52195.0 | 48497.0 | 61858.0 | 30183.0 | 33694.0 | 37136.0 | 50675.0 | 61342.0 | 34672.0 | 0.0 | 18453.0 | 59516.0 
51972.0 | 49854.0 | 63451.0 | 30152.0 | 35985.0 | 39713.0 | 52680.0 | 61027.0 | 34489.0 | 18453.0 | 0.0 | 60527.0 | 51972.0 | 49854.0 | 63451.0 | 30152.0 | 35985.0 | 39713.0 | 52680.0 | 61027.0 | 34489.0 | 18453.0 | 0.0 | 60527.0 | 51972.0 | 49854.0 | 63451.0 | 30152.0 | 35985.0 | 39713.0 | 52680.0 | 61027.0 | 34489.0 | 18453.0 | 0.0 | 60527.0 | 51972.0 | 49854.0 | 63451.0 | 30152.0 | 35985.0 | 39713.0 | 52680.0 | 61027.0 | 34489.0 | 18453.0 | 0.0 | 60527.0 
42783.0 | 40031.0 | 68906.0 | 66613.0 | 63474.0 | 48320.0 | 45363.0 | 23642.0 | 62574.0 | 59516.0 | 60527.0 | 0.0 | 42783.0 | 40031.0 | 68906.0 | 66613.0 | 63474.0 | 48320.0 | 45363.0 | 23642.0 | 62574.0 | 59516.0 | 60527.0 | 0.0 | 42783.0 | 40031.0 | 68906.0 | 66613.0 | 63474.0 | 48320.0 | 45363.0 | 23642.0 | 62574.0 | 59516.0 | 60527.0 | 0.0 | 42783.0 | 40031.0 | 68906.0 | 66613.0 | 63474.0 | 48320.0 | 45363.0 | 23642.0 | 62574.0 | 59516.0 | 60527.0 | 0.0 
0.0 | 24070.0 | 85379.0 | 57240.0 | 62215.0 | 54303.0 | 63824.0 | 42673.0 | 55397.0 | 52195.0 | 51972.0 | 42783.0 | 0.0 | 24070.0 | 85379.0 | 57240.0 | 62215.0 | 54303.0 | 63824.0 | 42673.0 | 55397.0 | 52195.0 | 51972.0 | 42783.0 | 0.0 | 24070.0 | 85379.0 | 57240.0 | 62215.0 | 54303.0 | 63824.0 | 42673.0 | 55397.0 | 52195.0 | 51972.0 | 42783.0 | 0.0 | 24070.0 | 85379.0 | 57240.0 | 62215.0 | 54303.0 | 63824.0 | 42673.0 | 55397.0 | 52195.0 | 51972.0 | 42783.0 
24070.0 | 0.0 | 90359.0 | 55312.0 | 59573.0 | 51879.0 | 67966.0 | 40579.0 | 54155.0 | 48497.0 | 49854.0 | 40031.0 | 24070.0 | 0.0 | 90359.0 | 55312.0 | 59573.0 | 51879.0 | 67966.0 | 40579.0 | 54155.0 | 48497.0 | 49854.0 | 40031.0 | 24070.0 | 0.0 | 90359.0 | 55312.0 | 59573.0 | 51879.0 | 67966.0 | 40579.0 | 54155.0 | 48497.0 | 49854.0 | 40031.0 | 24070.0 | 0.0 | 90359.0 | 55312.0 | 59573.0 | 51879.0 | 67966.0 | 40579.0 | 54155.0 | 48497.0 | 49854.0 | 40031.0 
85379.0 | 90359.0 | 0.0 | 69301.0 | 67116.0 | 70212.0 | 57807.0 | 73442.0 | 72582.0 | 61858.0 | 63451.0 | 68906.0 | 85379.0 | 90359.0 | 0.0 | 69301.0 | 67116.0 | 70212.0 | 57807.0 | 73442.0 | 72582.0 | 61858.0 | 63451.0 | 68906.0 | 85379.0 | 90359.0 | 0.0 | 69301.0 | 67116.0 | 70212.0 | 57807.0 | 73442.0 | 72582.0 | 61858.0 | 63451.0 | 68906.0 | 85379.0 | 90359.0 | 0.0 | 69301.0 | 67116.0 | 70212.0 | 57807.0 | 73442.0 | 72582.0 | 61858.0 | 63451.0 | 68906.0 
57240.0 | 55312.0 | 69301.0 | 0.0 | 31561.0 | 38733.0 | 48628.0 | 61173.0 | 35775.0 | 30183.0 | 30152.0 | 66613.0 | 57240.0 | 55312.0 | 69301.0 | 0.0 | 31561.0 | 38733.0 | 48628.0 | 61173.0 | 35775.0 | 30183.0 | 30152.0 | 66613.0 | 57240.0 | 55312.0 | 69301.0 | 0.0 | 31561.0 | 38733.0 | 48628.0 | 61173.0 | 35775.0 | 30183.0 | 30152.0 | 66613.0 | 57240.0 | 55312.0 | 69301.0 | 0.0 | 31561.0 | 38733.0 | 48628.0 | 61173.0 | 35775.0 | 30183.0 | 30152.0 | 66613.0 
62215.0 | 59573.0 | 67116.0 | 31561.0 | 0.0 | 32450.0 | 49819.0 | 64504.0 | 43410.0 | 33694.0 | 35985.0 | 63474.0 | 62215.0 | 59573.0 | 67116.0 | 31561.0 | 0.0 | 32450.0 | 49819.0 | 64504.0 | 43410.0 | 33694.0 | 35985.0 | 63474.0 | 62215.0 | 59573.0 | 67116.0 | 31561.0 | 0.0 | 32450.0 | 49819.0 | 64504.0 | 43410.0 | 33694.0 | 35985.0 | 63474.0 | 62215.0 | 59573.0 | 67116.0 | 31561.0 | 0.0 | 32450.0 | 49819.0 | 64504.0 | 43410.0 | 33694.0 | 35985.0 | 63474.0 
54303.0 | 51879.0 | 70212.0 | 38733.0 | 32450.0 | 0.0 | 39145.0 | 54708.0 | 31740.0 | 37136.0 | 39713.0 | 48320.0 | 54303.0 | 51879.0 | 70212.0 | 38733.0 | 32450.0 | 0.0 | 39145.0 | 54708.0 | 31740.0 | 37136.0 | 39713.0 | 48320.0 | 54303.0 | 51879.0 | 70212.0 | 38733.0 | 32450.0 | 0.0 | 39145.0 | 54708.0 | 31740.0 | 37136.0 | 39713.0 | 48320.0 | 54303.0 | 51879.0 | 70212.0 | 38733.0 | 32450.0 | 0.0 | 39145.0 | 54708.0 | 31740.0 | 37136.0 | 39713.0 | 48320.0 
63824.0 | 67966.0 | 57807.0 | 48628.0 | 49819.0 | 39145.0 | 0.0 | 38853.0 | 47165.0 | 50675.0 | 52680.0 | 45363.0 | 63824.0 | 67966.0 | 57807.0 | 48628.0 | 49819.0 | 39145.0 | 0.0 | 38853.0 | 47165.0 | 50675.0 | 52680.0 | 45363.0 | 63824.0 | 67966.0 | 57807.0 | 48628.0 | 49819.0 | 39145.0 | 0.0 | 38853.0 | 47165.0 | 50675.0 | 52680.0 | 45363.0 | 63824.0 | 67966.0 | 57807.0 | 48628.0 | 49819.0 | 39145.0 | 0.0 | 38853.0 | 47165.0 | 50675.0 | 52680.0 | 45363.0 
42673.0 | 40579.0 | 73442.0 | 61173.0 | 64504.0 | 54708.0 | 38853.0 | 0.0 | 63056.0 | 61342.0 | 61027.0 | 23642.0 | 42673.0 | 40579.0 | 73442.0 | 61173.0 | 64504.0 | 54708.0 | 38853.0 | 0.0 | 63056.0 | 61342.0 | 61027.0 | 23642.0 | 42673.0 | 40579.0 | 73442.0 | 61173.0 | 64504.0 | 54708.0 | 38853.0 | 0.0 | 63056.0 | 61342.0 | 61027.0 | 23642.0 | 42673.0 | 40579.0 | 73442.0 | 61173.0 | 64504.0 | 54708.0 | 38853.0 | 0.0 | 63056.0 | 61342.0 | 61027.0 | 23642.0 
55397.0 | 54155.0 | 72582.0 | 35775.0 | 43410.0 | 31740.0 | 47165.0 | 63056.0 | 0.0 | 34672.0 | 34489.0 | 62574.0 | 55397.0 | 54155.0 | 72582.0 | 35775.0 | 43410.0 | 31740.0 | 47165.0 | 63056.0 | 0.0 | 34672.0 | 34489.0 | 62574.0 | 55397.0 | 54155.0 | 72582.0 | 35775.0 | 43410.0 | 31740.0 | 47165.0 | 63056.0 | 0.0 | 34672.0 | 34489.0 | 62574.0 | 55397.0 | 54155.0 | 72582.0 | 35775.0 | 43410.0 | 31740.0 | 47165.0 | 63056.0 | 0.0 | 34672.0 | 34489.0 | 62574.0 
52195.0 | 48497.0 | 61858.0 | 30183.0 | 33694.0 | 37136.0 | 50675.0 | 61342.0 | 34672.0 | 0.0 | 18453.0 | 59516.0 | 52195.0 | 48497.0 | 61858.0 | 30183.0 | 33694.0 | 37136.0 | 50675.0 | 61342.0 | 34672.0 | 0.0 | 18453.0 | 59516.0 | 52195.0 | 48497.0 | 61858.0 | 30183.0 | 33694.0 | 37136.0 | 50675.0 | 61342.0 | 34672.0 | 0.0 | 18453.0 | 59516.0 | 52195.0 | 48497.0 | 61858.0 | 30183.0 | 33694.0 | 37136.0 | 50675.0 | 61342.0 | 34672.0 | 0.0 | 18453.0 | 59516.0 
51972.0 | 49854.0 | 63451.0 | 30152.0 | 35985.0 | 39713.0 | 52680.0 | 61027.0 | 34489.0 | 18453.0 | 0.0 | 60527.0 | 51972.0 | 49854.0 | 63451.0 | 30152.0 | 35985.0 | 39713.0 | 52680.0 | 61027.0 | 34489.0 | 18453.0 | 0.0 | 60527.0 | 51972.0 | 49854.0 | 63451.0 | 30152.0 | 35985.0 | 39713.0 | 52680.0 | 61027.0 | 34489.0 | 18453.0 | 0.0 | 60527.0 | 51972.0 | 49854.0 | 63451.0 | 30152.0 | 35985.0 | 39713.0 | 52680.0 | 61027.0 | 34489.0 | 18453.0 | 0.0 | 60527.0 
42783.0 | 40031.0 | 68906.0 | 66613.0 | 63474.0 | 48320.0 | 45363.0 | 23642.0 | 62574.0 | 59516.0 | 60527.0 | 0.0 | 42783.0 | 40031.0 | 68906.0 | 66613.0 | 63474.0 | 48320.0 | 45363.0 | 23642.0 | 62574.0 | 59516.0 | 60527.0 | 0.0 | 42783.0 | 40031.0 | 68906.0 | 66613.0 | 63474.0 | 48320.0 | 45363.0 | 23642.0 | 62574.0 | 59516.0 | 60527.0 | 0.0 | 42783.0 | 40031.0 | 68906.0 | 66613.0 | 63474.0 | 48320.0 | 45363.0 | 23642.0 | 62574.0 | 59516.0 | 60527.0 | 0.0 


END OF FILE **** 
